[{"id": 0, "img_name": "IMG_2963", "width": 4032, "height": 3024, "position": [-4.323172770724293, -2.25892734263603, 1.372147021053853], "rotation": [[0.9999193847176008, 0.012678658045944702, -0.0006897072774552877], [-0.012689810993792594, 0.9997243124296733, -0.019755197644131882], [0.0004390477381717289, 0.0197623573282869, 0.9998046091461635]], "fy": 2016.0, "fx": 3575.0586059510083}, {"id": 1, "img_name": "IMG_2979", "width": 4032, "height": 3024, "position": [-4.035961028842178, 0.7202333711076285, -0.023411293384006476], "rotation": [[0.9985448849071676, -0.006411799455480996, -0.05354438956112715], [0.006103954020315471, 0.9999639008077696, -0.005910907428387741], [0.05358035620494626, 0.00557547388584938, 0.9985479755724807]], "fy": 2016.0, "fx": 3575.0586059510083}, {"id": 2, "img_name": "IMG_2995", "width": 4032, "height": 3024, "position": [-4.668913699201485, 3.0360759033505795, -1.8196215754705019], "rotation": [[0.9986881178212679, -0.006913971558439483, -0.050736971922871965], [0.007231863844280852, 0.999955337951267, 0.00608459103844462], [0.05069263721637484, -0.006443531644713722, 0.9986935152648148]], "fy": 2016.0, "fx": 3575.0586059510083}]