[{"id": 0, "img_name": "IMG_2998", "width": 4032, "height": 3024, "position": [-3.3260458239695687, -2.317046071374797, -1.2068219983140984], "rotation": [[0.9997394475705086, 0.01882097161473882, -0.012915417100951463], [-0.020011028599194697, 0.9948639758721277, -0.09922312354640338], [0.010981607615306857, 0.09945572150147929, 0.9949813886474478]], "fy": 2016.0, "fx": 3428.475517731339}, {"id": 1, "img_name": "IMG_3010", "width": 4032, "height": 3024, "position": [-1.2634241154916255, 0.250337619161032, 0.22943130806708978], "rotation": [[0.9999971715503101, 0.001762379781723989, -0.0015971564997307747], [-0.0018055201151728761, 0.9996222514879186, -0.02742434005291865], [0.0015482210738030527, 0.027427146182739875, 0.9996226061188179]], "fy": 2016.0, "fx": 3428.475517731339}, {"id": 2, "img_name": "IMG_3023", "width": 4032, "height": 3024, "position": [6.435536495908893, 2.4279578873238115, 0.4795072793127677], "rotation": [[0.997074538325614, -0.017502888962483597, 0.07440439436438227], [0.014368167321681074, 0.998994874350379, 0.042459354558054246], [-0.0750727699674105, -0.041266086555879704, 0.9963238375697847]], "fy": 2016.0, "fx": 3428.475517731339}]