[{"id": 0, "img_name": "IMG_4027", "width": 4032, "height": 3024, "position": [-1.6588689448988245, -1.6091453751095333, -0.2428666264227677], "rotation": [[0.9960172626730782, 0.009117674756115343, 0.08869318161093535], [-0.011941270538026497, 0.9994369071068294, 0.03135721241871636], [-0.0883573342466053, -0.032291434154842626, 0.9955652890519322]], "fy": 2149.9999999999995, "fx": 2150.0}, {"id": 1, "img_name": "IMG_4036", "width": 4032, "height": 3024, "position": [-4.766544832985499, 0.7201775982940793, -0.17121011145870968], "rotation": [[0.9794169155184532, 0.009514352069974962, 0.2016233684397908], [-0.005529885184464268, 0.9997783157409792, -0.020315997242999585], [-0.2017719652631795, 0.01878287727744307, 0.9792524074798156]], "fy": 2149.9999999999995, "fx": 2150.0}, {"id": 2, "img_name": "IMG_4045", "width": 4032, "height": 3024, "position": [-3.881079017887374, 1.7366588937817466, 0.7925995830347445], "rotation": [[0.9824011047482776, -0.042716349021364584, 0.18183339329080514], [0.053040405080743945, 0.9972220319923056, -0.052296599679208314], [-0.17909434613698513, 0.0610207541367832, 0.9819377183642268]], "fy": 2149.9999999999995, "fx": 2150.0}]