[{"id": 0, "img_name": "DJI_20200226_143851_396", "width": 4032, "height": 3024, "position": [-3.619974426625738, -3.791045378570523, 0.4521605846637508], "rotation": [[0.9959614140183265, -0.00038194876687231485, 0.08978148975014433], [-0.005325479465542666, 0.9979789356410599, 0.06332206002018301], [-0.08962422136385825, -0.06354445791630502, 0.9939464778412594]], "fy": 2016.0, "fx": 3070.63827088164}, {"id": 1, "img_name": "DJI_20200226_143918_576", "width": 4032, "height": 3024, "position": [0.1604901609099485, 2.1716834647552425, -0.40574786093335424], "rotation": [[0.9999815419007339, 0.00488071374533124, 0.003618631117819234], [-0.004649648043589876, 0.9981070227245524, -0.06132497012637302], [-0.003911090755972792, 0.061307012822889514, 0.9981112931671662]], "fy": 2016.0, "fx": 3070.63827088164}, {"id": 2, "img_name": "DJI_20200226_143946_704", "width": 4032, "height": 3024, "position": [-0.33769201264515764, 1.5164220551915257, 0.22571786945644162], "rotation": [[0.999914100016304, 0.0008802898706275143, 0.013077372760937284], [-0.00034067312773667936, 0.9991505131373002, -0.041208446213003964], [-0.013102539082363845, 0.041200451298665085, 0.9990649860156152]], "fy": 2016.0, "fx": 3070.63827088164}]