[{"id": 0, "img_name": "IMG_1801", "width": 4032, "height": 3024, "position": [-2.3434523419746403, -2.9853121084866507, 1.402754285256265], "rotation": [[0.9993424287402799, 0.012976337332376651, -0.033857418521127634], [-0.00947850307730862, 0.9947905656881626, 0.10149821868997962], [0.03499811564772994, -0.1011105587328141, 0.9942594162560625]], "fy": 2016.0, "fx": 3371.3189700388566}, {"id": 1, "img_name": "IMG_1821", "width": 4032, "height": 3024, "position": [-0.5967586687409183, 0.16930300048952815, -0.4067639076604295], "rotation": [[0.9999939631572327, -2.7315525800453682e-05, -0.003474608316547812], [2.9570991848700946e-05, 0.999999788911354, 0.0006490784265022118], [0.003474589853178942, -0.0006491772557320132, 0.9999937528776079]], "fy": 2016.0, "fx": 3371.3189700388566}, {"id": 2, "img_name": "IMG_1841", "width": 4032, "height": 3024, "position": [4.019428577571087, 2.461338783722079, 0.37286126114079354], "rotation": [[0.9985975971822165, 0.03837384800222409, -0.03647309544590007], [-0.04061463512783911, 0.9971979245697851, -0.06282316966809312], [0.03396012831742588, 0.06421640774144657, 0.997357991225542]], "fy": 2016.0, "fx": 3371.3189700388566}]