[{"id": 0, "img_name": "DJI_20200223_163017_967", "width": 4032, "height": 3024, "position": [-3.77683980779875, -3.147624077216025, -1.4327904588292666], "rotation": [[0.9951562363612197, -0.01803666925432213, 0.09663717604308573], [0.008658565058644596, 0.995285758715067, 0.09659859082874254], [-0.09792392191133571, -0.09529395081107611, 0.9906210014209867]], "fy": 2016.0, "fx": 3368.823717602889}, {"id": 1, "img_name": "DJI_20200223_163053_863", "width": 4032, "height": 3024, "position": [3.351668184736071, 0.19871891131424876, 0.5747824595303419], "rotation": [[0.9848669423286415, 0.016298142966090026, -0.1725441289760081], [-0.020151754785057065, 0.999584565791272, -0.02060588777405993], [0.17213661053743148, 0.023771124662731315, 0.9847862310902572]], "fy": 2016.0, "fx": 3368.823717602889}, {"id": 2, "img_name": "DJI_20200223_163225_243", "width": 4032, "height": 3024, "position": [3.0016604871809096, 2.7239179361786228, 0.9290559550803049], "rotation": [[0.9880475176992229, 0.01571521495593001, -0.15334645345521578], [-0.021367468807252998, 0.9991489750387341, -0.035281113301854634], [0.1526615015161806, 0.0381360419804697, 0.9875424589641141]], "fy": 2016.0, "fx": 3368.823717602889}]