[{"id": 0, "img_name": "IMG_4468", "width": 4032, "height": 3024, "position": [-1.9759854203551874, -3.746029593834945, -0.49570875507622253], "rotation": [[0.9962728647821367, -0.016957095621662175, 0.08457443944166673], [0.008778741553079214, 0.9953281199070184, 0.09615023358840108], [-0.0858097465066678, -0.09504941152073304, 0.9917672593779367]], "fy": 2016.0, "fx": 3124.62276683125}, {"id": 1, "img_name": "IMG_4479", "width": 4032, "height": 3024, "position": [0.04297708131635496, 0.29258758806956064, -0.05005654316873074], "rotation": [[0.999323670416544, 0.007736952957657553, 0.035949148865271126], [-0.006248587688645538, 0.9991259529830421, -0.04133140727854821], [-0.03623750677273119, 0.04107882221606305, 0.9984985595724398]], "fy": 2016.0, "fx": 3124.62276683125}, {"id": 2, "img_name": "IMG_4490", "width": 4032, "height": 3024, "position": [0.4744950003271492, 3.573621358227421, 0.6637425226011546], "rotation": [[0.9991025077929347, 0.018993730608217452, 0.03786049549928302], [-0.011154216402568223, 0.9802551306396894, -0.19742204109726483], [-0.04086272602645893, 0.19682255219396966, 0.9795872194805009]], "fy": 2016.0, "fx": 3124.62276683125}]