[{"id": 0, "img_name": "DJI_20200223_163551_210", "width": 4032, "height": 3024, "position": [-1.901639792666073, -2.832524366051474, 0.6058633887009383], "rotation": [[0.9997377538399127, 0.0024964289848436977, 0.022763817550001723], [-0.0029898505532686766, 0.9997607617714894, 0.021667487527637818], [-0.022704280230724187, -0.021729865724731335, 0.9995060423002904]], "fy": 2016.0, "fx": 3329.8699571672205}, {"id": 1, "img_name": "DJI_20200223_163616_980", "width": 4032, "height": 3024, "position": [-0.23992859964440882, 1.547036259777711, -0.7915298682781235], "rotation": [[0.9996641889696813, -0.008626586109045813, -0.024435451779991683], [0.006826107155792912, 0.9973209312877599, -0.07283106669830391], [0.024998270993945033, 0.07263981021050632, 0.9970449059194348]], "fy": 2016.0, "fx": 3329.8699571672205}, {"id": 2, "img_name": "DJI_20200223_163654_571", "width": 4032, "height": 3024, "position": [3.7139244217052427, 1.1387879032931836, -0.6744758010694867], "rotation": [[0.993922768523111, -0.03622044723258583, -0.10395003325456799], [0.030424181240614967, 0.9979210841246412, -0.05681442647196998], [0.10579177381626859, 0.053306557399368196, 0.9929584641519681]], "fy": 2016.0, "fx": 3329.8699571672205}]